2.0
2.0
2.0
2.0
2.0
2.02
2.05
2.04375
2.042222222222222
2.038
2.038
2.046
2.056
2.056
2.056
2.044
2.054
2.079
2.093
2.093
2.094
2.088
2.08
2.08
2.097
2.1
2.067
2.042
2.036
2.039
2.041
2.039
2.038
2.038
2.034
2.031
2.042
2.048
2.037
2.038
2.035
2.06
2.08
2.08
2.091
2.108
2.111
2.105
2.12
2.132
2.18
2.171
2.223
2.267
2.258
2.283
2.269
2.288
2.274
2.258
2.22
2.221
2.148
2.104
2.097
2.102
2.102
2.091
2.109
2.109
2.134
2.117
2.117
2.117
2.109
2.062
2.067
2.059
2.079
2.082
2.05
2.05
2.05
2.05
2.05
2.05
2.057
2.057
2.018
2.025
2.022
2.022
2.023
2.031
2.048
2.054
2.042
2.072
2.101
2.091
2.109
2.111
2.116
2.108
2.093
2.105
2.105
2.081
2.052
2.052
2.047
2.073
2.08
2.08
2.078
2.088
2.092
2.093
2.124
2.124
2.111
2.146
2.133
2.133
2.138
2.142
2.158
2.152
2.143
2.143
2.148
2.085
2.093
2.102
2.113
2.085
2.068
2.115
2.099
2.152
2.157
2.158
2.15
2.141
2.15
2.146
2.15
2.142
2.168
2.115
2.111
2.14
2.197
2.197
2.175
2.181
2.185
2.145
2.135
2.143
2.169
2.17
2.142
2.208
2.221
2.228
2.242
2.254
2.233
2.241
2.211
2.18
2.22
2.18
2.181
2.18
2.155
2.162
2.174
2.158
2.161
2.166
2.135
2.136
2.167
2.155
2.206
2.206
2.193
2.221
2.289
2.312
2.338
2.317
2.322
2.344
2.305
2.316
2.353
2.325
2.253
2.251
2.221
2.234
2.196
2.22
2.226
2.215
2.179
2.189
2.217
2.214
2.185
2.179
2.187
2.141
2.175
2.236
2.268
2.275
2.314
2.311
2.307
2.305
2.295
2.31
2.296
2.242
2.242
2.255
2.264
2.282
2.326
2.393
2.422
2.445
2.459
2.453
2.496
2.51
2.472
2.492
2.477
2.453
2.497
2.491
2.544
2.528
2.503
2.523
2.526
2.545
2.586
2.579
2.497
2.507
2.438
2.452
2.49
2.476
2.477
2.437
2.405
2.412
2.408
2.422
2.417
2.47
2.4
2.416
2.534
2.55
2.541
2.606
2.745
2.728
2.765
2.783
2.831
2.891
2.913
2.912
2.952
2.966
2.928
2.905
2.888
2.872
2.901
2.806
2.691
2.688
2.687
2.615
2.581
2.647
2.62
2.558
2.584
2.578
2.532
2.625
2.604
2.569
2.543
2.545
2.605
2.748
2.657
2.749
2.769
2.641
2.687
2.76
2.725
2.706
2.688
2.584
2.589
2.516
2.597
2.635
2.667
2.644
2.756
2.767
2.828
2.789
2.762
2.778
2.7
2.734
2.768
2.716
2.679
2.647
2.597
2.635
2.721
2.688
2.71
2.646
2.532
2.586
2.664
2.73
2.745
2.795
2.774
2.789
2.747
2.846
2.891
2.848
2.734
2.691
2.745
2.67
2.633
2.724
2.796
2.714
2.696
2.707
2.765
2.757
2.724
2.758
2.763
2.758
2.722
2.722
2.707
2.774
2.722
2.728
2.732
2.786
2.799
2.761
2.773
2.775
2.772
2.74
2.726
2.71
2.646
2.586
2.647
2.663
2.69
2.68
2.625
2.603
2.633
2.627
2.693
2.732
2.675
2.631
2.572
2.645
2.692
2.779
2.78
2.869
2.891
2.884
3.302
3.342
3.376
3.438
3.446
3.336
3.295
3.277
3.25
3.345
3.002
2.959
3.115
3.043
3.23
3.24
3.266
3.239
3.304
3.171
3.079
3.055
2.826
2.884
2.741
2.8
2.92
2.897
2.729
2.683
2.677
2.739
2.763
2.652
2.647
2.736
2.646
2.592
2.632
2.774
2.888
2.904
2.93
2.923
2.88
2.785
2.851
2.885
2.902
2.816
2.707
2.716
2.664
2.708
2.826
2.83
2.733
2.856
2.976
3.056
3.095
2.996
3.069
3.11
3.106
3.111
3.082
2.975
2.91
2.9
2.941
2.981
3.031
2.974
2.917
2.943
2.933
2.958
2.898
2.965
2.924
2.995
2.95
3.023
3.132
3.145
3.244
3.463
3.828
3.944
4.043
3.989
3.976
4.003
3.832
3.834
3.831
3.723
3.406
3.235
3.199
3.288
3.517
3.516
3.611
3.615
3.591
3.505
3.574
3.512
3.414
3.423
3.223
3.186
3.264
3.477
3.778
3.886
3.854
3.893
3.957
3.816
3.839
3.785
3.678
3.396
3.038
2.974
2.93
3.056
3.126
3.261
3.23
3.376
3.394
3.71
3.858
3.899
3.907
3.803
3.951
4.379
4.358
4.266
4.262
3.976
3.864
3.788
3.842
3.767
3.515
3.035
3.057
3.02
3.003
3.066
3.127
3.185
3.155
3.197
3.262
3.375
3.444
3.622
3.702
3.664
3.694
3.551
3.49
3.475
3.461
3.425
3.468
3.437
3.727
3.781
3.742
3.808
3.894
4.154
4.169
4.328
4.22
4.102
3.692
3.632
3.593
3.825
3.903
3.649
3.61
3.321
3.417
3.452
3.444
3.436
3.447
3.23
3.109
3.235
3.275
3.306
3.153
3.132
3.323
3.369
3.518
3.594
3.606
3.451
3.365
3.332
3.477
3.556
3.413
3.374
3.282
3.262
3.174
3.227
3.334
3.416
3.289
3.136
3.063
3.279
3.195
3.129
3.115
3.028
2.874
2.771
2.764
2.863
2.881
2.574
2.98
3.063
3.308
3.46
3.594
3.769
3.746
3.763
3.983
4.022
3.713
3.576
3.531
3.531
3.781
3.704
3.865
3.918
3.748
3.91
3.817
3.914
3.835
3.761
3.57
3.564
3.509
3.4
3.49
3.419
3.513
3.486
3.44
3.371
3.252
3.429
3.505
3.589
3.838
4.104
4.266
4.296
4.585
4.71
4.928
4.683
4.658
4.67
4.567
4.181
4.113
4.107
3.78
3.74
3.516
3.58
3.577
3.445
3.307
3.561
3.41
3.316
3.375
3.451
3.929
4.173
4.404
4.497
4.386
4.262
4.335
4.44
4.4
4.349
4.244
4.322
3.98
3.903
3.963
3.885
3.919
3.962
4.033
4.169
3.899
3.641
3.744
4.079
4.293
4.371
4.477
4.522
4.557
4.362
4.35
4.283
4.317
4.019
3.959
4.05
3.842
3.75
3.778
4.052
4.161
4.24
4.233
4.393
4.265
4.04
4.368
4.423
4.324
4.075
3.922
3.999
3.949
3.823
3.718
3.782
3.383
3.302
3.295
3.194
3.125
2.871
2.871
2.896
2.967
3.09
3.163
3.442
3.745
3.867
3.855
4.025
3.985
3.935
3.987
3.841
3.941
3.638
3.383
3.385
3.441
3.592
3.622
3.656
3.56
3.535
3.541
3.585
3.609
3.759
3.841
3.599
3.589
3.588
3.873
4.125
4.104
4.391
4.343
4.175
4.264
4.497
4.502
4.436
4.203
4.077
4.037
4.025
4.019
4.237
4.283
4.427
4.615
5.008
5.086
5.287
5.508
5.406
5.499
5.466
5.323
4.905
4.806
4.747
4.664
4.496
4.295
4.177
4.078
3.895
4.054
4.259
4.237
3.928
4.151
4.297
4.238
4.352
4.427
4.38
4.48
4.775
4.693
4.733
4.611
4.604
4.72
4.709
5.04
5.249
5.042
4.831
5.06
5.552
5.678
5.579
5.472
5.368
5.017
5.07
5.264
5.058
5.194
4.965
4.592
4.418
4.46
4.267
4.144
3.94
3.547
3.464
3.17
2.838
2.902
3.268
3.615
4.07
4.383
4.444
4.55
4.661
4.717
4.916
4.971
4.769
4.533
4.295
4.282
4.229
4.312
4.432
4.464
4.215
4.126
3.931
3.853
3.786
3.741
3.789
3.847
3.715
3.739
3.89
4.049
4.587
4.521
4.712
4.848
4.792
4.726
4.767
4.62
4.631
4.571
4.314
4.5
4.366
4.172
4.22
4.04
4.06
4.156
4.273
5.005
4.805
4.486
4.299
4.067
4.2
4.313
4.244
4.091
3.819
3.215
3.357
3.576
3.571
3.678
3.694
3.84
3.804
3.798
3.819
3.63
3.45
3.356
3.381
3.37
3.22
3.266
3.226
3.274
3.36
3.422
3.405
3.383
3.566
3.589
3.606
3.443
3.533
3.485
4.006
4.175
4.284
4.364
4.244
4.455
4.62
4.856
4.895
5.225
5.028
4.973
5.116
5.234
5.197
5.111
5.34
5.18
5.09
4.923
5.044
5.28
4.986
4.711
4.785
4.731
4.184
3.948
3.947
3.929
3.535
3.294
3.505
3.606
3.861
4.134
4.548
4.815
4.947
4.888
4.975
4.897
5.176
5.651
6.028
5.764
5.757
5.798
6.086
6.085
6.316
6.518
6.262
5.884
5.522
5.56
5.398
5.366
5.238
5.38
5.45
5.356
5.159
5.266
5.007
5.035
5.013
4.9
4.624
4.559
4.571
4.458
4.478
4.214
4.459
4.484
4.473
4.65
4.637
4.558
4.067
4.026
4.568
4.902
4.642
4.52
4.564
4.891
4.952
5.136
5.326
5.409
4.971
4.731
4.857
5.071
5.396
4.903
5.176
4.982
4.8
4.805
4.698
4.753
4.873
4.684
4.441
4.394
4.148
4.981
5.433
5.399
5.935
5.938
5.694
5.856
5.664
6.134
6.286
5.471
5.169
5.244
4.919
5.193
5.451
5.4
5.702
5.508
5.399
5.628
5.816
5.753
5.534
5.234
5.643
5.714
5.522
5.566
5.938
5.817
5.649
5.934
6.185
6.229
5.709
6.208
6.091
5.926
5.721
5.688
5.728
5.38
5.519
5.56
5.427
4.74
4.78
4.938
4.928
5.23
5.547
5.697
5.366
5.288
5.5
5.687
5.862
6.088
5.989
5.904
5.856
5.848
6.165
6.589
6.574
7.079
7.742
7.461
7.343
6.912
6.582
6.459
6.23
5.97
6.027
5.165
4.418
4.306
4.276
4.365
4.234
4.323
4.418
4.391
4.133
4.198
4.009
3.963
3.886
3.864
3.734
3.596
3.302
3.126
3.084
3.066
3.749
3.825
4.192
4.363
5.067
6.342
6.417
6.417
6.384
6.319
5.589
5.282
4.854
4.647
4.077
2.796
2.734
2.81
3.08
3.383
3.581
3.951
4.785
4.889
5.015
5.518
5.643
5.862
5.839
5.706
5.554
5.237
4.407
4.308
4.127
3.582
3.44
3.018
2.791
2.652
2.803
3.043
3.116
3.105
3.127
3.498
3.648
4.166
4.651
5.201
5.314
5.423
5.909
6.117
6.594
6.847
6.858
6.458
6.046
5.605
5.338
5.193
4.92
4.722
4.319
3.884
3.957
3.824
3.651
3.491
3.603
4.02
3.999
4.178
3.999
3.852
3.703
4.082
4.51
4.628
4.763
4.383
4.414
4.254
4.587
4.509
4.583
4.388
4.233
4.636
4.429
4.435
4.798
5.208
5.402
5.871
6.017
6.163
6.29
5.928
5.996
6.075
5.744
5.955
6.1
6.656
6.468
6.558
6.547
6.946
7.253
7.105
7.138
6.528
6.051
5.103
5.239
5.099
4.945
5.37
5.645
6.432
6.221
6.519
6.508
6.651
6.633
6.622
6.683
5.92
5.584
4.726
4.672
4.49
4.55
4.868
4.789
4.986
5.022
4.873
4.496
4.437
4.451
4.407
4.582
4.247
4.214
4.065
4.156
4.385
4.473
4.454
4.588
4.612
4.263
4.632
5.503
5.628
5.711
6.05
6.636
6.786
6.95
7.517
7.789
7.877
7.362
7.195
7.095
7.061
6.56
6.56
6.554
6.025
5.875
6.091
5.839
6.16
5.921
5.626
5.582
5.492
5.227
5.175
5.431
4.964
5.194
5.402
5.5
5.662
5.884
6.23
6.611
6.692
6.476
6.6
7.644
7.351
7.662
7.515
7.559
7.455
7.335
7.619
8.029
7.795
6.935
6.668
6.652
6.801
6.801
6.78
6.737
6.867
6.515
6.607
6.452
6.759
6.947
6.787
6.607
6.842
6.831
6.249
6.035
6.118
5.957
5.558
5.794
5.693
5.883
5.799
6.235
6.598
7.103
6.945
7.213
7.586
6.762
6.92
6.755
6.891
6.901
7.858
7.578
7.859
7.39
7.435
7.601
8.114
8.418
8.304
7.978
7.101
7.144
6.887
7.378
7.453
7.44
7.092
6.623
6.526
6.503
7.219
7.212
7.55
6.926
6.734
6.719
6.597
6.98
6.963
6.778
5.828
5.841
5.524
5.863
6.767
6.8
6.771
6.546
6.358
6.231
6.19
6.313
6.071
6.415
5.587
5.78
6.72
7.479
7.767
8.418
9.21
9.311
9.906
10.041
9.807
9.69
8.812
7.843
7.387
7.082
6.402
6.333
6.025
5.686
5.936
6.885
8.026
8.252
8.441
8.01
7.987
8.288
9.011
9.162
9.404
8.535
7.88
8.272
8.64
9.561
9.975
10.235
9.506
9.285
8.771
9.357
9.007
8.713
8.697
8.561
8.228
7.414
7.287
7.551
7.718
7.241
6.82
7.168
7.234
6.94
7.109
7.054
7.461
7.382
7.521
7.575
8.015
7.466
7.056
7.165
7.053
7.524
7.452
7.828
7.562
7.215
7.344
7.557
7.769
7.711
7.686
7.355
7.412
6.83
6.773
6.873
7.357
7.382
7.425
8.263
8.08
8.137
7.547
7.418
7.588
7.966
7.856
7.957
7.895
7.011
7.408
7.34
7.963
7.998
7.88
7.38
6.601
6.705
6.551
6.142
6.237
6.508
6.432
6.411
6.734
6.969
7.084
7.586
7.513
7.956
8.239
8.411
8.377
8.681
8.666
8.444
8.452
7.597
7.783
7.815
7.508
7.52
8.827
9.337
9.158
10.232
10.719
11.171
11.282
11.183
11.323
11.041
10.059
9.566
9.525
8.38
8.116
8.151
8.127
8.481
8.703
9.094
8.395
8.191
8.617
10.044
9.703
9.57
9.546
8.899
8.083
7.947
8.176
8.583
8.127
7.351
7.672
8.573
9.155
9.351
9.461
8.947
9.268
9.362
10.092
10.203
10.058
8.771
8.213
8.226
8.185
8.462
8.174
7.95
7.367
7.391
8.962
9.023
8.564
8.466
8.203
7.667
7.222
6.601
6.325
5.916
4.428
4.396
4.564
5.09
5.6
6.489
7.742
8.244
8.835
9.251
8.943
8.873
9.465
9.205
9.172
8.56
7.378
7.25
6.868
6.334
6.566
6.859
6.505
6.615
6.491
7.544
8.1
7.7
7.786
7.636
7.594
7.544
7.767
8.734
8.921
8.645
8.567
10.044
11.641
12.0
12.702
12.95
12.885
11.61
11.071
10.83
11.384
10.854
9.662
10.188
9.48
9.363
9.342
9.589
9.677
9.357
8.533
8.396
7.942
7.05
7.414
8.19
8.061
8.08
7.929
7.917
8.2
8.252
9.665
10.475
10.515
9.606
10.178
10.502
10.953
11.624
11.89
11.977
10.512
9.762
10.178
11.215
11.061
11.932
13.35
13.014
13.0
12.644
13.985
13.955
13.072
12.023
11.886
11.333
10.216
10.724
10.184
9.781
8.845
9.361
9.711
9.544
9.495
8.592
8.314
7.47
7.777
8.071
7.987
7.773
7.562
7.593
7.307
7.557
7.898
8.409
8.906
8.934
8.368
8.447
9.217
9.413
9.507
9.316
9.18
9.169
8.366
8.727
9.246
8.592
7.712
8.23
8.175
7.92
7.693
7.818
8.086
7.509
7.491
8.28
8.585
8.546
8.534
8.68
8.493
7.928
7.691
8.334
9.866
9.586
9.534
9.474
9.612
9.835
10.601
10.701
10.554
9.804
7.735
7.316
6.771
6.157
6.352
6.895
6.444
6.417
6.794
7.242
7.828
7.981
8.296
8.612
8.561
8.268
8.316
8.244
8.651
8.928
8.318
8.352
9.269
9.183
8.898
8.445
8.35
8.776
8.603
8.642
8.942
9.674
8.697
8.591
9.073
9.695
9.573
9.144
8.64
8.566
8.651
8.09
8.857
8.981
8.602
8.52
8.623
8.137
8.692
8.389
8.835
8.834
8.077
8.086
7.918
7.915
7.937
8.575
8.406
8.449
8.903
8.915
9.445
9.427
9.97
10.341
10.643
10.613
10.668
10.675
9.829
9.543
9.198
9.642
9.952
8.886
8.508
8.718
8.542
9.075
9.281
10.273
9.971
8.952
8.118
9.531
9.647
9.304
9.16
8.233
8.303
7.849
8.56
9.218
9.376
8.122
8.283
8.879
9.372
9.693
10.371
10.792
11.053
10.879
11.644
12.888
12.562
11.905
12.222
12.374
11.451
10.693
10.841
11.32
11.231
10.028
10.496
10.585
10.298
9.93
9.455
9.124
8.067
7.483
6.681
6.711
6.164
5.607
4.662
4.283
4.143
4.169
4.256
4.245
4.765
5.545
5.451
6.369
6.749
7.647
8.96
9.262
9.378
9.28
8.712
7.711
7.77
7.133
7.185
6.804
6.479
6.629
7.533
7.913
8.434
8.638
9.235
9.597
9.732
9.978
9.564
10.504
9.647
10.434
11.283
11.056
10.93
11.539
11.321
11.154
11.184
10.698
10.516
9.389
8.311
8.509
8.351
7.837
8.067
8.307
8.436
8.021
8.805
9.652
9.532
9.696
9.794
9.367
9.016
8.658
8.601
8.303
7.872
7.746
7.574
7.465
8.145
8.28
8.591
8.668
8.653
9.43
9.01
8.395
8.513
8.52
8.578
8.924
8.955
9.186
9.122
8.506
8.454
9.117
9.286
9.438
9.165
9.047
10.169
10.248
10.868
11.047
11.441
10.899
11.099
10.943
10.294
10.075
8.913
8.587
7.85
8.254
8.215
8.199
8.428
8.739
9.155
9.092
9.153
9.275
9.359
8.865
8.622
8.944
8.604
8.664
8.561
9.105
9.024
9.109
9.303
10.05
10.342
10.233
10.891
10.577
10.239
10.617
11.004
10.87
10.849
10.921
10.628
10.248
10.232
11.24
11.418
11.646
12.831
12.707
11.97
11.216
11.371
11.871
11.439
10.464
10.473
10.505
8.926
9.307
10.666
10.674
11.12
11.324
10.706
11.3
11.214
11.325
11.269
11.772
12.0
11.751
11.617
11.55
12.466
11.901
11.956
10.992
11.326
10.725
9.591
9.547
9.063
9.223
8.512
8.449
9.053
8.633
8.788
9.155
9.321
9.62
9.543
9.283
9.592
9.444
8.469
8.925
9.551
8.683
8.463
8.214
8.876
9.897
10.03
10.596
11.207
11.195
10.773
11.038
11.576
11.819
12.394
11.328
10.812
10.479
9.912
9.953
9.56
9.55
8.781
8.665
8.088
7.562
8.109
8.191
9.302
9.788
9.644
10.291
11.395
12.116
11.945
12.12
11.944
11.768
10.746
10.348
11.681
11.63
10.8
10.843
10.315
10.395
10.289
11.262
11.171
11.452
10.269
10.333
11.401
10.384
11.439
11.73
11.456
10.876
11.647
11.019
11.144
11.067
10.553
10.811
10.382
10.783
10.919
10.457
10.675
10.58
9.918
9.826
9.946
9.786
9.204
8.276
8.02
8.248
7.382
7.39
7.677
7.361
6.519
6.733
7.785
7.621
8.071
7.857
7.614
7.686
8.034
8.156
9.63
9.483
8.974
9.589
9.542
10.317
10.746
10.855
10.468
10.394
9.087
9.169
9.514
9.209
9.35
9.386
9.57
9.289
9.407
9.333
10.398
10.401
9.932
11.263
11.037
11.382
12.512
12.775
13.196
14.494
13.738
14.219
14.512
13.191
13.794
14.286
12.943
13.027
13.502
12.635
13.074
12.488
12.024
12.682
12.096
10.64
10.717
11.011
10.543
9.924
9.835
11.066
10.957
10.42
10.539
10.259
10.048
9.668
9.276
10.501
10.345
10.266
11.93
11.827
11.97
11.98
11.867
12.355
12.418
11.113
10.933
10.236
9.158
10.754
10.663
11.529
12.594
11.995
12.403
13.904
14.163
13.966
13.649
12.203
12.005
11.64
11.044
10.975
10.77
9.382
8.894
8.831
8.824
9.526
9.663
10.068
10.015
10.634
10.276
10.157
9.646
9.261
9.347
8.639
9.313
8.752
9.229
9.155
10.445
10.737
11.129
11.188
10.579
10.101
8.842
8.394
7.811
7.323
6.756
6.889
7.189
7.41
8.057
8.084
8.814
9.936
9.708
9.598
8.854
8.317
8.551
8.674
8.745
9.274
8.869
8.999
9.711
9.792
10.761
11.607
11.752
11.586
11.347
11.075
11.15
11.161
11.593
11.888
11.096
11.581
10.486
10.731
10.526
11.304
11.209
10.782
9.862
9.909
10.019
9.864
10.757
10.415
10.913
11.526
12.146
11.788
12.138
11.881
12.697
12.253
11.583
11.57
11.124
9.817
9.941
10.037
9.494
9.668
8.304
7.702
7.941
8.774
9.974
10.143
9.697
9.487
9.748
9.94
10.198
10.32
10.502
10.771
11.427
11.299
11.403
11.922
13.045
12.996
13.292
13.631
14.343
13.435
12.496
12.527
12.516
12.157
10.977
10.763
11.142
10.907
10.201
10.336
9.366
9.25
9.424
10.428
9.846
9.209
8.17
7.841
7.89
7.482
8.099
7.674
6.809
6.132
6.596
7.684
8.481
8.751
8.899
9.765
9.221
9.737
10.792
10.129
10.931
11.968
11.967
12.317
13.208
12.689
13.491
13.773
13.233
13.099
12.159
10.549
10.115
9.711
8.635
8.704
8.16
7.89
8.174
8.297
8.47
9.722
9.691
10.103
10.129
10.318
10.219
11.118
11.146
12.018
11.848
10.624
10.635
10.549
11.087
10.52
10.744
10.265
10.047
9.145
9.739
10.16
10.353
10.572
10.032
11.504
11.452
10.993
10.746
11.086
11.08
11.125
11.149
10.864
11.157
9.808
9.696
9.888
9.507
9.407
10.203
9.938
9.791
10.286
10.961
11.303
11.403
11.16
11.544
11.791
11.113
11.035
10.831
10.167
9.025
8.686
8.3
8.227
9.079
8.968
8.746
8.799
9.642
9.984
11.49
12.032
12.262
12.225
11.645
11.827
11.712
11.567
10.971
10.495
9.693
10.948
10.964
11.143
11.282
10.849
10.299
9.749
9.156
8.668
7.452
5.423
4.702
4.202
3.473
3.78
4.118
5.471
6.171
7.498
7.723
7.982
9.127
10.241
11.187
11.303
11.22
11.303
11.588
10.838
11.112
11.22
10.671
10.582
11.265
12.194
12.104
11.166
11.089
11.432
11.938
11.712
11.648
11.407
9.982
9.07
9.169
9.529
9.545
9.647
9.388
9.9
9.99
9.558
9.576
9.946
10.848
11.115
11.925
11.643
11.422
11.079
10.539
10.281
10.491
10.521
9.571
8.911
8.49
8.216
8.952
10.301
11.405
11.394
11.795
11.101
11.187
11.391
10.691
11.073
10.567
9.585
8.846
9.185
9.212
9.245
9.631
9.725
10.009
11.163
11.5
11.353
11.846
11.819
11.366
11.308
11.674
11.831
11.523
10.121
10.573
11.609
11.576
12.778
13.211
12.528
11.753
11.46
11.899
12.075
11.515
10.219
10.104
9.27
9.299
11.544
12.604
12.583
12.222
13.009
12.769
12.886
13.283
13.296
12.815
11.097
11.173
11.402
11.394
11.052
12.175
13.158
12.761
12.546
13.499
13.507
12.399
12.44
12.681
12.538
11.871
10.647
10.051
9.584
8.191
7.851
7.457
6.757
6.057
5.179
4.179
4.0
4.0
4.017
4.512
4.978
5.684
6.092
6.882
7.759
8.269
9.234
9.62
10.288
10.671
11.723
11.476
11.562
11.297
11.461
11.382
10.938
11.15
11.232
10.914
9.935
9.748
9.699
9.404
9.337
9.268
9.61
9.544
10.021
10.393
10.523
12.17
12.189
12.173
12.34
12.814
12.522
12.636
12.354
11.882
12.014
10.393
10.671
10.707
10.818
10.645
10.804
10.603
10.275
10.02
9.631
10.34
10.702
10.773
9.952
9.584
9.473
9.294
9.617
10.264
10.823
10.291
